0 0 0
6144 0 2
4096 0 3
1666 0 2
7810 0 1
5762 0 4
1058 0 3
7202 0 4
2560 0 0
4608 0 2
6656 0 3
3112 0 2
5160 0 1
7208 0 4
3720 0 3
5768 0 4
7740 3 0
1596 3 2
5692 3 3
6334 3 2
190 3 1
4286 3 4
7324 3 3
1180 3 4
7996 3 0
1852 3 2
5948 3 3
6525 3 2
381 3 1
4477 3 4
7532 3 3
1388 3 4
471 5 0
6615 5 2
4567 5 3
1942 5 2
8086 5 1
6038 5 4
1478 5 3
7622 5 4
8151 5 0
2007 5 2
4055 5 3
6550 5 2
406 5 1
2454 5 4
7059 5 3
915 5 4
6161 6 2
1683 6 2
20 4 0
6164 4 2
4116 4 3
1686 4 2
7830 4 1
5782 4 4
1078 4 3
7222 4 4
5501 5 0
3453 5 2
1405 5 3
4969 5 2
2921 5 1
873 5 4
4460 5 3
2412 5 4
1993 6 2
6536 6 2
2881 4 0
4929 4 2
833 4 3
3413 4 2
5461 4 1
1365 4 4
2372 4 3
4420 4 4
5120 0 0
3072 0 2
1024 0 3
4648 0 2
2600 0 1
552 0 4
4130 0 3
2082 0 4
7895 5 0
1751 5 2
5847 5 3
6229 5 2
85 5 1
4181 5 4
7287 5 3
1143 5 4
1734 6 2
6212 6 2
2620 2 0
4668 2 2
572 2 3
3092 2 2
5140 2 1
1044 2 4
2102 2 3
4150 2 4
2755 3 0
4803 3 2
707 3 3
3307 3 2
5355 3 1
1259 3 4
2249 3 3
4297 3 4
2946 4 0
4994 4 2
7042 4 3
3478 4 2
5526 4 1
7574 4 4
4038 4 3
6086 4 4
6201 6 2
1723 6 2
235 5 0
6379 5 2
4331 5 3
1641 5 2
7785 5 1
5737 5 4
1225 5 3
7369 5 4
60 3 0
6204 3 2
2108 3 3
1726 3 2
7870 3 1
3774 3 4
566 3 3
6710 3 4
2750 5 0
4798 5 2
6846 5 3
3222 5 2
5270 5 1
7318 5 4
3638 5 3
5686 5 4
2815 1 0
4863 1 2
6911 1 3
3287 1 2
5335 1 1
7383 1 4
3703 1 3
5751 1 4
7875 2 0
1731 2 2
5827 2 3
6209 2 2
65 2 1
4161 2 4
7267 2 3
1123 2 4
3529 6 2
5085 6 2
4795 6 2
3219 6 2
5185 4 0
3137 4 2
1089 4 3
4713 4 2
2665 4 1
617 4 4
4195 4 3
2147 4 4
3071 1 0
5119 1 2
7167 1 3
3563 1 2
5611 1 1
7659 1 4
4027 1 3
6075 1 4
491 5 0
6635 5 2
2539 5 3
1962 5 2
8106 5 1
4010 5 4
1006 5 3
7150 5 4
7935 1 0
1791 1 2
3839 1 3
6269 1 2
125 1 1
2173 1 4
6775 1 3
631 1 4
8191 1 0
2047 1 2
4095 1 3
6590 1 2
446 1 1
2494 1 4
7099 1 3
955 1 4
5441 4 0
3393 4 2
7489 4 3
4949 4 2
2901 4 1
6997 4 4
5905 4 3
3857 4 4
5566 5 0
3518 5 2
7614 5 3
5034 5 2
2986 5 1
7082 5 4
6126 5 3
4078 5 4
5000 6 2
3484 6 2
7915 5 0
1771 5 2
3819 5 3
6249 5 2
105 5 1
2153 5 4
6755 5 3
611 5 4
5245 5 0
3197 5 2
7293 5 3
4693 5 2
2645 5 1
6741 5 4
5853 5 3
3805 5 4
7936 0 0
1792 0 2
3840 0 3
6465 0 2
321 0 1
2369 0 4
6980 0 3
836 0 4
4898 6 2
3382 6 2
276 4 0
6420 4 2
2324 4 3
1877 4 2
8021 4 1
3925 4 4
785 4 3
6929 4 4
2816 0 0
4864 0 2
6912 0 3
3348 0 2
5396 0 1
7444 0 4
3908 0 3
5956 0 4
4625 6 2
3129 6 2
511 1 0
6655 1 2
4607 1 3
1982 1 2
8126 1 1
6078 1 4
1518 1 3
7662 1 4
4716 6 2
3140 6 2
7976 4 0
1832 4 2
3880 4 3
6505 4 2
361 4 1
2409 4 4
7020 4 3
876 4 4
5180 2 0
3132 2 2
7228 2 3
4628 2 2
2580 2 1
6676 2 4
5788 2 3
3740 2 4
7680 0 0
1536 0 2
3584 0 3
6274 0 2
130 0 1
2178 0 4
6792 0 3
648 0 4
2690 4 0
4738 4 2
642 4 3
3242 4 2
5290 4 1
1194 4 4
2184 4 3
4232 4 4
6252 6 2
1774 6 2
2625 4 0
4673 4 2
6721 4 3
3177 4 2
5225 4 1
7273 4 4
3785 4 3
5833 4 4
40 4 0
6184 4 2
2088 4 3
1706 4 2
7850 4 1
3754 4 4
546 4 3
6690 4 4
5375 1 0
3327 1 2
1279 1 3
4823 1 2
2775 1 1
727 1 4
4317 1 3
2269 1 4
3310 6 2
4806 6 2
255 1 0
6399 1 2
4351 1 3
1661 1 2
7805 1 1
5757 1 4
1245 1 3
7389 1 4
4755 6 2
3259 6 2
7700 4 0
1556 4 2
3604 4 3
6294 4 2
150 4 1
2198 4 4
6812 4 3
668 4 4
7720 4 0
1576 4 2
5672 4 3
6314 4 2
170 4 1
4266 4 4
7304 4 3
1160 4 4
5310 5 0
3262 5 2
1214 5 3
4758 5 2
2710 5 1
662 5 4
4252 5 3
2204 5 4
8171 5 0
2027 5 2
6123 5 3
6570 5 2
426 5 1
4522 5 4
7611 5 3
1467 5 4
2685 5 0
4733 5 2
637 5 3
3157 5 2
5205 5 1
1109 5 4
2167 5 3
4215 5 4
3006 5 0
5054 5 2
958 5 3
3498 5 2
5546 5 1
1450 5 4
2491 5 3
4539 5 4
3464 6 2
5020 6 2
3089 6 2
4665 6 2
7956 4 0
1812 4 2
5908 4 3
6485 4 2
341 4 1
4437 4 4
7492 4 3
1348 4 4
3362 6 2
4918 6 2
256 0 0
6400 0 2
4352 0 3
1857 0 2
8001 0 1
5953 0 4
1297 0 3
7441 0 4
5376 0 0
3328 0 2
1280 0 3
4884 0 2
2836 0 1
788 0 4
4369 0 3
2321 0 4
195 2 0
6339 2 2
2243 2 3
1601 2 2
7745 2 1
3649 2 4
713 2 3
6857 2 4
6331 6 2
1593 6 2
1928 6 2
6601 6 2
6342 6 2
1604 6 2
1911 6 2
6454 6 2
1826 6 2
6499 6 2
215 5 0
6359 5 2
2263 5 3
1621 5 2
7765 5 1
3669 5 4
733 5 3
6877 5 4
296 4 0
6440 4 2
4392 4 3
1897 4 2
8041 4 1
5993 4 4
1337 4 3
7481 4 4
5315 3 0
3267 3 2
7363 3 3
4843 3 2
2795 3 1
6891 3 4
5731 3 3
3683 3 4
6382 6 2
1644 6 2
5250 4 0
3202 4 2
7298 4 3
4778 4 2
2730 4 1
6826 4 4
5666 4 3
3618 4 4
1553 6 2
6291 6 2
5631 1 0
3583 1 2
1535 1 3
5099 1 2
3051 1 1
1003 1 4
4590 1 3
2542 1 4
2941 5 0
4989 5 2
7037 5 3
3433 5 2
5481 5 1
7529 5 4
3897 5 3
5945 5 4
3549 6 2
5065 6 2
5436 2 0
3388 2 2
7484 2 3
4904 2 2
2856 2 1
6952 2 4
5996 2 3
3948 2 4
2013 6 2
6556 6 2
6434 6 2
1891 6 2
1846 6 2
6519 6 2
5571 3 0
3523 3 2
7619 3 3
5079 3 2
3031 3 1
7127 3 4
6035 3 3
3987 3 4
3447 6 2
4963 6 2
2876 2 0
4924 2 2
828 2 3
3368 2 2
5416 2 1
1320 2 4
2361 2 3
4409 2 4
316 3 0
6460 3 2
2364 3 3
1917 3 2
8061 3 1
3965 3 4
825 3 3
6969 3 4
3011 3 0
5059 3 2
963 3 3
3543 3 2
5591 3 1
1495 3 4
2502 3 3
4550 3 4
1948 6 2
6621 6 2
3180 6 2
4676 6 2
8131 2 0
1987 2 2
6083 2 3
6530 2 2
386 2 1
4482 2 4
7571 2 3
1427 2 4
451 2 0
6595 2 2
2499 2 3
1922 2 2
8066 2 1
3970 2 4
966 2 3
7110 2 4
3427 6 2
4983 6 2
5506 4 0
3458 4 2
1410 4 3
5014 4 2
2966 4 1
918 4 4
4499 4 3
2451 4 4
4846 6 2
3270 6 2
